0	1	0	0
0.001	0.99998	0.001	0
0.002	0.99996	0.00199998	0
0.003	0.999941	0.00299994	0
0.004	0.999921	0.00399988	0
0.005	0.999901	0.0049998	0
0.006	0.999881	0.0059997	0
0.007	0.999861	0.00699958	0
0.008	0.999841	0.00799944	0
0.009	0.999821	0.00899929	0
0.01	0.999801	0.00999911	0
0.011	0.999781	0.0109989	0
0.012	0.99976	0.0119987	0
0.013	0.99974	0.0129984	0
0.014	0.99972	0.0139982	0
0.015	0.9997	0.0149979	0
0.016	0.999679	0.0159976	0
0.017	0.999659	0.0169973	0
0.018	0.999639	0.0179969	0
0.019	0.999618	0.0189966	0
0.02	0.999598	0.0199962	0
0.021	0.999577	0.0209958	0
0.022	0.999557	0.0219954	0
0.023	0.999536	0.0229949	0
0.024	0.999515	0.0239945	0
0.025	0.999495	0.024994	0
0.026	0.999474	0.0259935	0
0.027	0.999453	0.0269929	0
0.028	0.999432	0.0279924	0
0.029	0.999411	0.0289918	0
0.03	0.999391	0.0299912	0
0.031	0.99937	0.0309906	0
0.032	0.999349	0.03199	0
0.033	0.999328	0.0329893	0
0.034	0.999307	0.0339887	0
0.035	0.999286	0.034988	0
0.036	0.999264	0.0359873	0
0.037	0.999243	0.0369865	0
0.038	0.999222	0.0379858	0
0.039	0.999201	0.038985	0
0.04	0.99918	0.0399842	0
0.041	0.999158	0.0409834	0
0.042	0.999137	0.0419825	0
0.043	0.999116	0.0429817	0
0.044	0.999094	0.0439808	0
0.045	0.999073	0.0449799	0
0.046	0.999051	0.0459789	0
0.047	0.99903	0.046978	0
0.048	0.999008	0.047977	0
0.049	0.998987	0.048976	0
0.05	0.998965	0.049975	0
0.051	0.998943	0.050974	0
0.052	0.998921	0.0519729	0
0.053	0.9989	0.0529719	0
0.054	0.998878	0.0539708	0
0.055	0.998856	0.0549696	0
0.056	0.998834	0.0559685	0
0.057	0.998812	0.0569673	0
0.058	0.99879	0.0579661	0
0.059	0.998768	0.0589649	0
0.06	0.998746	0.0599637	0
0.061	0.998724	0.0609624	0
0.062	0.998702	0.0619612	0
0.063	0.99868	0.0629599	0
0.064	0.998658	0.0639586	0
0.065	0.998636	0.0649572	0
0.066	0.998614	0.0659559	0
0.067	0.998591	0.0669545	0
0.068	0.998569	0.0679531	0
0.069	0.998547	0.0689516	0
0.07	0.998524	0.0699502	0
0.071	0.998502	0.0709487	0
0.072	0.998479	0.0719472	0
0.073	0.998457	0.0729457	0
0.074	0.998434	0.0739442	0
0.075	0.998412	0.0749426	0
0.076	0.998389	0.075941	0
0.077	0.998367	0.0769394	0
0.078	0.998344	0.0779378	0
0.079	0.998321	0.0789361	0
0.08	0.998299	0.0799344	0
0.081	0.998276	0.0809327	0
0.082	0.998253	0.081931	0
0.083	0.99823	0.0829293	0
0.084	0.998207	0.0839275	0
0.085	0.998184	0.0849257	0
0.086	0.998161	0.0859239	0
0.087	0.998138	0.0869221	0
0.088	0.998115	0.0879202	0
0.089	0.998092	0.0889184	0
0.09	0.998069	0.0899165	0
0.091	0.998046	0.0909145	0
0.092	0.998023	0.0919126	0
0.093	0.998	0.0929106	0
0.094	0.997977	0.0939086	0
0.095	0.997953	0.0949066	0
0.096	0.99793	0.0959046	0
0.097	0.997907	0.0969025	0
0.098	0.997883	0.0979004	0
0.099	0.99786	0.0988983	0
0.1	0.997836	0.0998962	0
0.101	0.997813	0.100894	0
0.102	0.997789	0.101892	0
0.103	0.997766	0.10289	0
0.104	0.997742	0.103887	0
0.105	0.997719	0.104885	0
0.106	0.997695	0.105883	0
0.107	0.997671	0.106881	0
0.108	0.997648	0.107878	0
0.109	0.997624	0.108876	0
0.11	0.9976	0.109874	0
0.111	0.997576	0.110871	0
0.112	0.997553	0.111869	0
0.113	0.997529	0.112866	0
0.114	0.997505	0.113864	0
0.115	0.997481	0.114861	0
0.116	0.997457	0.115859	0
0.117	0.997433	0.116856	0
0.118	0.997409	0.117854	0
0.119	0.997385	0.118851	0
0.12	0.997361	0.119849	0
0.121	0.997337	0.120846	0
0.122	0.997312	0.121844	0
0.123	0.997288	0.122841	0
0.124	0.997264	0.123838	0
0.125	0.99724	0.124835	0
0.126	0.997215	0.125833	0
0.127	0.997191	0.12683	0
0.128	0.997167	0.127827	0
0.129	0.997142	0.128824	0
0.13	0.997118	0.129822	0
0.131	0.997093	0.130819	0
0.132	0.997069	0.131816	0
0.133	0.997044	0.132813	0
0.134	0.99702	0.13381	0
0.135	0.996995	0.134807	0
0.136	0.996971	0.135804	0
0.137	0.996946	0.136801	0
0.138	0.996921	0.137798	0
0.139	0.996897	0.138795	0
0.14	0.996872	0.139792	0
0.141	0.996847	0.140789	0
0.142	0.996822	0.141786	0
0.143	0.996797	0.142783	0
0.144	0.996772	0.143779	0
0.145	0.996748	0.144776	0
0.146	0.996723	0.145773	0
0.147	0.996698	0.14677	0
0.148	0.996673	0.147767	0
0.149	0.996648	0.148763	0
0.15	0.996623	0.14976	0
0.151	0.996597	0.150757	0
0.152	0.996572	0.151753	0
0.153	0.996547	0.15275	0
0.154	0.996522	0.153747	0
0.155	0.996497	0.154743	0
0.156	0.996472	0.15574	0
0.157	0.996446	0.156736	0
0.158	0.996421	0.157733	0
0.159	0.996396	0.158729	0
0.16	0.99637	0.159726	0
0.161	0.996345	0.160722	0
0.162	0.996319	0.161718	0
0.163	0.996294	0.162715	0
0.164	0.996268	0.163711	0
0.165	0.996243	0.164708	0
0.166	0.996217	0.165704	0
0.167	0.996192	0.1667	0
0.168	0.996166	0.167696	0
0.169	0.996141	0.168693	0
0.17	0.996115	0.169689	0
0.171	0.996089	0.170685	0
0.172	0.996063	0.171681	0
0.173	0.996038	0.172677	0
0.174	0.996012	0.173674	0
0.175	0.995986	0.17467	0
0.176	0.99596	0.175666	0
0.177	0.995934	0.176662	0
0.178	0.995909	0.177658	0
0.179	0.995883	0.178654	0
0.18	0.995857	0.17965	0
0.181	0.995831	0.180646	0
0.182	0.995805	0.181642	0
0.183	0.995779	0.182638	0
0.184	0.995752	0.183633	0
0.185	0.995726	0.184629	0
0.186	0.9957	0.185625	0
0.187	0.995674	0.186621	0
0.188	0.995648	0.187617	0
0.189	0.995622	0.188612	0
0.19	0.995595	0.189608	0
0.191	0.995569	0.190604	0
0.192	0.995543	0.1916	0
0.193	0.995516	0.192595	0
0.194	0.99549	0.193591	0
0.195	0.995464	0.194586	0
0.196	0.995437	0.195582	0
0.197	0.995411	0.196578	0
0.198	0.995384	0.197573	0
0.199	0.995358	0.198569	0
0.2	0.995331	0.199564	0
0.201	0.995305	0.20056	0
0.202	0.995278	0.201555	0
0.203	0.995252	0.20255	0
0.204	0.995225	0.203546	0
0.205	0.995198	0.204541	0
0.206	0.995172	0.205536	0
0.207	0.995145	0.206532	0
0.208	0.995118	0.207527	0
0.209	0.995091	0.208522	0
0.21	0.995065	0.209518	0
0.211	0.995038	0.210513	0
0.212	0.995011	0.211508	0
0.213	0.994984	0.212503	0
0.214	0.994957	0.213498	0
0.215	0.99493	0.214493	0
0.216	0.994903	0.215489	0
0.217	0.994876	0.216484	0
0.218	0.994849	0.217479	0
0.219	0.994822	0.218474	0
0.22	0.994795	0.219469	0
0.221	0.994768	0.220464	0
0.222	0.994741	0.221459	0
0.223	0.994714	0.222454	0
0.224	0.994687	0.223448	0
0.225	0.994659	0.224443	0
0.226	0.994632	0.225438	0
0.227	0.994605	0.226433	0
0.228	0.994578	0.227428	0
0.229	0.99455	0.228423	0
0.23	0.994523	0.229417	0
0.231	0.994496	0.230412	0
0.232	0.994468	0.231407	0
0.233	0.994441	0.232401	0
0.234	0.994413	0.233396	0
0.235	0.994386	0.234391	0
0.236	0.994358	0.235385	0
0.237	0.994331	0.23638	0
0.238	0.994303	0.237374	0
0.239	0.994276	0.238369	0
0.24	0.994248	0.239363	0
0.241	0.994221	0.240358	0
0.242	0.994193	0.241352	0
0.243	0.994165	0.242347	0
0.244	0.994138	0.243341	0
0.245	0.99411	0.244336	0
0.246	0.994082	0.24533	0
0.247	0.994054	0.246324	0
0.248	0.994027	0.247319	0
0.249	0.993999	0.248313	0
0.25	0.993971	0.249307	0
0.251	0.993943	0.250301	0
0.252	0.993915	0.251296	0
0.253	0.993887	0.25229	0
0.254	0.993859	0.253284	0
0.255	0.993831	0.254278	0
0.256	0.993803	0.255272	0
0.257	0.993775	0.256266	0
0.258	0.993747	0.25726	0
0.259	0.993719	0.258254	0
0.26	0.993691	0.259248	0
0.261	0.993663	0.260242	0
0.262	0.993635	0.261236	0
0.263	0.993607	0.26223	0
0.264	0.993579	0.263224	0
0.265	0.993551	0.264218	0
0.266	0.993522	0.265212	0
0.267	0.993494	0.266206	0
0.268	0.993466	0.2672	0
0.269	0.993437	0.268194	0
0.27	0.993409	0.269187	0
0.271	0.993381	0.270181	0
0.272	0.993352	0.271175	0
0.273	0.993324	0.272168	0
0.274	0.993296	0.273162	0
0.275	0.993267	0.274156	0
0.276	0.993239	0.275149	0
0.277	0.99321	0.276143	0
0.278	0.993182	0.277137	0
0.279	0.993153	0.27813	0
0.28	0.993125	0.279124	0
0.281	0.993096	0.280117	0
0.282	0.993068	0.281111	0
0.283	0.993039	0.282104	0
0.284	0.99301	0.283098	0
0.285	0.992982	0.284091	0
0.286	0.992953	0.285084	0
0.287	0.992924	0.286078	0
0.288	0.992896	0.287071	0
0.289	0.992867	0.288064	0
0.29	0.992838	0.289058	0
0.291	0.992809	0.290051	0
0.292	0.99278	0.291044	0
0.293	0.992752	0.292037	0
0.294	0.992723	0.29303	0
0.295	0.992694	0.294024	0
0.296	0.992665	0.295017	0
0.297	0.992636	0.29601	0
0.298	0.992607	0.297003	0
0.299	0.992578	0.297996	0
0.3	0.992549	0.298989	0
0.301	0.99252	0.299982	0
0.302	0.992491	0.300975	0
0.303	0.992462	0.301968	0
0.304	0.992433	0.302961	0
0.305	0.992404	0.303954	0
0.306	0.992375	0.304947	0
0.307	0.992346	0.30594	0
0.308	0.992317	0.306933	0
0.309	0.992287	0.307925	0
0.31	0.992258	0.308918	0
0.311	0.992229	0.309911	0
0.312	0.9922	0.310904	0
0.313	0.99217	0.311896	0
0.314	0.992141	0.312889	0
0.315	0.992112	0.313882	0
0.316	0.992083	0.314874	0
0.317	0.992053	0.315867	0
0.318	0.992024	0.31686	0
0.319	0.991994	0.317852	0
0.32	0.991965	0.318845	0
0.321	0.991936	0.319837	0
0.322	0.991906	0.32083	0
0.323	0.991877	0.321822	0
0.324	0.991847	0.322815	0
0.325	0.991818	0.323807	0
0.326	0.991788	0.3248	0
0.327	0.991759	0.325792	0
0.328	0.991729	0.326784	0
0.329	0.991699	0.327777	0
0.33	0.99167	0.328769	0
0.331	0.99164	0.329761	0
0.332	0.991611	0.330754	0
0.333	0.991581	0.331746	0
0.334	0.991551	0.332738	0
0.335	0.991521	0.33373	0
0.336	0.991492	0.334723	0
0.337	0.991462	0.335715	0
0.338	0.991432	0.336707	0
0.339	0.991402	0.337699	0
0.34	0.991373	0.338691	0
0.341	0.991343	0.339683	0
0.342	0.991313	0.340675	0
0.343	0.991283	0.341667	0
0.344	0.991253	0.342659	0
0.345	0.991223	0.343651	0
0.346	0.991193	0.344643	0
0.347	0.991164	0.345635	0
0.348	0.991134	0.346627	0
0.349	0.991104	0.347619	0
0.35	0.991074	0.348611	0
0.351	0.991044	0.349602	0
0.352	0.991014	0.350594	0
0.353	0.990983	0.351586	0
0.354	0.990953	0.352578	0
0.355	0.990923	0.353569	0
0.356	0.990893	0.354561	0
0.357	0.990863	0.355553	0
0.358	0.990833	0.356544	0
0.359	0.990803	0.357536	0
0.36	0.990773	0.358528	0
0.361	0.990742	0.359519	0
0.362	0.990712	0.360511	0
0.363	0.990682	0.361502	0
0.364	0.990652	0.362494	0
0.365	0.990621	0.363485	0
0.366	0.990591	0.364477	0
0.367	0.990561	0.365468	0
0.368	0.990531	0.36646	0
0.369	0.9905	0.367451	0
0.37	0.99047	0.368442	0
0.371	0.990439	0.369434	0
0.372	0.990409	0.370425	0
0.373	0.990379	0.371416	0
0.374	0.990348	0.372408	0
0.375	0.990318	0.373399	0
0.376	0.990287	0.37439	0
0.377	0.990257	0.375381	0
0.378	0.990226	0.376373	0
0.379	0.990196	0.377364	0
0.38	0.990165	0.378355	0
0.381	0.990135	0.379346	0
0.382	0.990104	0.380337	0
0.383	0.990074	0.381328	0
0.384	0.990043	0.382319	0
0.385	0.990012	0.38331	0
0.386	0.989982	0.384301	0
0.387	0.989951	0.385292	0
0.388	0.98992	0.386283	0
0.389	0.98989	0.387274	0
0.39	0.989859	0.388265	0
0.391	0.989828	0.389256	0
0.392	0.989798	0.390247	0
0.393	0.989767	0.391238	0
0.394	0.989736	0.392228	0
0.395	0.989705	0.393219	0
0.396	0.989674	0.39421	0
0.397	0.989644	0.395201	0
0.398	0.989613	0.396191	0
0.399	0.989582	0.397182	0
0.4	0.989551	0.398173	0
0.401	0.98952	0.399163	0
0.402	0.989489	0.400154	0
0.403	0.989458	0.401145	0
0.404	0.989427	0.402135	0
0.405	0.989396	0.403126	0
0.406	0.989365	0.404116	0
0.407	0.989334	0.405107	0
0.408	0.989303	0.406097	0
0.409	0.989272	0.407088	0
0.41	0.989241	0.408078	0
0.411	0.98921	0.409069	0
0.412	0.989179	0.410059	0
0.413	0.989148	0.41105	0
0.414	0.989117	0.41204	0
0.415	0.989086	0.41303	0
0.416	0.989055	0.414021	0
0.417	0.989024	0.415011	0
0.418	0.988993	0.416001	0
0.419	0.988961	0.416991	0
0.42	0.98893	0.417982	0
0.421	0.988899	0.418972	0
0.422	0.988868	0.419962	0
0.423	0.988837	0.420952	0
0.424	0.988805	0.421942	0
0.425	0.988774	0.422932	0
0.426	0.988743	0.423922	0
0.427	0.988712	0.424913	0
0.428	0.98868	0.425903	0
0.429	0.988649	0.426893	0
0.43	0.988618	0.427883	0
0.431	0.988586	0.428873	0
0.432	0.988555	0.429863	0
0.433	0.988523	0.430852	0
0.434	0.988492	0.431842	0
0.435	0.988461	0.432832	0
0.436	0.988429	0.433822	0
0.437	0.988398	0.434812	0
0.438	0.988366	0.435802	0
0.439	0.988335	0.436792	0
0.44	0.988303	0.437781	0
0.441	0.988272	0.438771	0
0.442	0.98824	0.439761	0
0.443	0.988209	0.440751	0
0.444	0.988177	0.44174	0
0.445	0.988146	0.44273	0
0.446	0.988114	0.44372	0
0.447	0.988083	0.444709	0
0.448	0.988051	0.445699	0
0.449	0.988019	0.446688	0
0.45	0.987988	0.447678	0
0.451	0.987956	0.448667	0
0.452	0.987924	0.449657	0
0.453	0.987893	0.450647	0
0.454	0.987861	0.451636	0
0.455	0.987829	0.452625	0
0.456	0.987798	0.453615	0
0.457	0.987766	0.454604	0
0.458	0.987734	0.455594	0
0.459	0.987702	0.456583	0
0.46	0.987671	0.457572	0
0.461	0.987639	0.458562	0
0.462	0.987607	0.459551	0
0.463	0.987575	0.46054	0
0.464	0.987543	0.461529	0
0.465	0.987512	0.462519	0
0.466	0.98748	0.463508	0
0.467	0.987448	0.464497	0
0.468	0.987416	0.465486	0
0.469	0.987384	0.466475	0
0.47	0.987352	0.467465	0
0.471	0.98732	0.468454	0
0.472	0.987288	0.469443	0
0.473	0.987256	0.470432	0
0.474	0.987224	0.471421	0
0.475	0.987193	0.47241	0
0.476	0.987161	0.473399	0
0.477	0.987129	0.474388	0
0.478	0.987097	0.475377	0
0.479	0.987065	0.476366	0
0.48	0.987032	0.477355	0
0.481	0.987	0.478344	0
0.482	0.986968	0.479332	0
0.483	0.986936	0.480321	0
0.484	0.986904	0.48131	0
0.485	0.986872	0.482299	0
0.486	0.98684	0.483288	0
0.487	0.986808	0.484276	0
0.488	0.986776	0.485265	0
0.489	0.986744	0.486254	0
0.49	0.986711	0.487243	0
0.491	0.986679	0.488231	0
0.492	0.986647	0.48922	0
0.493	0.986615	0.490209	0
0.494	0.986583	0.491197	0
0.495	0.98655	0.492186	0
0.496	0.986518	0.493174	0
0.497	0.986486	0.494163	0
0.498	0.986454	0.495151	0
0.499	0.986421	0.49614	0
0.5	0.986389	0.497128	0
0.501	0.986357	0.498117	0
0.502	0.986325	0.499105	0
0.503	0.986292	0.500094	0
0.504	0.98626	0.501082	0
0.505	0.986228	0.502071	0
0.506	0.986195	0.503059	0
0.507	0.986163	0.504047	0
0.508	0.986131	0.505036	0
0.509	0.986098	0.506024	0
0.51	0.986066	0.507012	0
0.511	0.986033	0.508	0
0.512	0.986001	0.508989	0
0.513	0.985968	0.509977	0
0.514	0.985936	0.510965	0
0.515	0.985904	0.511953	0
0.516	0.985871	0.512941	0
0.517	0.985839	0.51393	0
0.518	0.985806	0.514918	0
0.519	0.985774	0.515906	0
0.52	0.985741	0.516894	0
0.521	0.985709	0.517882	0
0.522	0.985676	0.51887	0
0.523	0.985643	0.519858	0
0.524	0.985611	0.520846	0
0.525	0.985578	0.521834	0
0.526	0.985546	0.522822	0
0.527	0.985513	0.52381	0
0.528	0.985481	0.524798	0
0.529	0.985448	0.525786	0
0.53	0.985415	0.526774	0
0.531	0.985383	0.527761	0
0.532	0.98535	0.528749	0
0.533	0.985317	0.529737	0
0.534	0.985285	0.530725	0
0.535	0.985252	0.531713	0
0.536	0.985219	0.5327	0
0.537	0.985187	0.533688	0
0.538	0.985154	0.534676	0
0.539	0.985121	0.535663	0
0.54	0.985088	0.536651	0
0.541	0.985056	0.537639	0
0.542	0.985023	0.538626	0
0.543	0.98499	0.539614	0
0.544	0.984957	0.540602	0
0.545	0.984924	0.541589	0
0.546	0.984892	0.542577	0
0.547	0.984859	0.543564	0
0.548	0.984826	0.544552	0
0.549	0.984793	0.545539	0
0.55	0.98476	0.546527	0
0.551	0.984728	0.547514	0
0.552	0.984695	0.548502	0
0.553	0.984662	0.549489	0
0.554	0.984629	0.550477	0
0.555	0.984596	0.551464	0
0.556	0.984563	0.552451	0
0.557	0.98453	0.553439	0
0.558	0.984497	0.554426	0
0.559	0.984464	0.555413	0
0.56	0.984431	0.5564	0
0.561	0.984398	0.557388	0
0.562	0.984365	0.558375	0
0.563	0.984332	0.559362	0
0.564	0.984299	0.560349	0
0.565	0.984266	0.561337	0
0.566	0.984233	0.562324	0
0.567	0.9842	0.563311	0
0.568	0.984167	0.564298	0
0.569	0.984134	0.565285	0
0.57	0.984101	0.566272	0
0.571	0.984068	0.567259	0
0.572	0.984035	0.568246	0
0.573	0.984002	0.569233	0
0.574	0.983969	0.57022	0
0.575	0.983936	0.571207	0
0.576	0.983903	0.572194	0
0.577	0.98387	0.573181	0
0.578	0.983837	0.574168	0
0.579	0.983803	0.575155	0
0.58	0.98377	0.576142	0
0.581	0.983737	0.577129	0
0.582	0.983704	0.578116	0
0.583	0.983671	0.579103	0
0.584	0.983638	0.580089	0
0.585	0.983604	0.581076	0
0.586	0.983571	0.582063	0
0.587	0.983538	0.58305	0
0.588	0.983505	0.584037	0
0.589	0.983472	0.585023	0
0.59	0.983438	0.58601	0
0.591	0.983405	0.586997	0
0.592	0.983372	0.587983	0
0.593	0.983338	0.58897	0
0.594	0.983305	0.589957	0
0.595	0.983272	0.590943	0
0.596	0.983239	0.59193	0
0.597	0.983205	0.592916	0
0.598	0.983172	0.593903	0
0.599	0.983139	0.594889	0
0.6	0.983105	0.595876	0
0.601	0.983072	0.596862	0
0.602	0.983039	0.597849	0
0.603	0.983005	0.598835	0
0.604	0.982972	0.599822	0
0.605	0.982939	0.600808	0
0.606	0.982905	0.601795	0
0.607	0.982872	0.602781	0
0.608	0.982838	0.603767	0
0.609	0.982805	0.604754	0
0.61	0.982772	0.60574	0
0.611	0.982738	0.606726	0
0.612	0.982705	0.607713	0
0.613	0.982671	0.608699	0
0.614	0.982638	0.609685	0
0.615	0.982604	0.610672	0
0.616	0.982571	0.611658	0
0.617	0.982537	0.612644	0
0.618	0.982504	0.61363	0
0.619	0.98247	0.614616	0
0.62	0.982437	0.615602	0
0.621	0.982403	0.616589	0
0.622	0.98237	0.617575	0
0.623	0.982336	0.618561	0
0.624	0.982303	0.619547	0
0.625	0.982269	0.620533	0
0.626	0.982236	0.621519	0
0.627	0.982202	0.622505	0
0.628	0.982168	0.623491	0
0.629	0.982135	0.624477	0
0.63	0.982101	0.625463	0
0.631	0.982068	0.626449	0
0.632	0.982034	0.627435	0
0.633	0.982	0.628421	0
0.634	0.981967	0.629407	0
0.635	0.981933	0.630393	0
0.636	0.9819	0.631378	0
0.637	0.981866	0.632364	0
0.638	0.981832	0.63335	0
0.639	0.981799	0.634336	0
0.64	0.981765	0.635322	0
0.641	0.981731	0.636308	0
0.642	0.981698	0.637293	0
0.643	0.981664	0.638279	0
0.644	0.98163	0.639265	0
0.645	0.981596	0.64025	0
0.646	0.981563	0.641236	0
0.647	0.981529	0.642222	0
0.648	0.981495	0.643207	0
0.649	0.981461	0.644193	0
0.65	0.981428	0.645179	0
0.651	0.981394	0.646164	0
0.652	0.98136	0.64715	0
0.653	0.981326	0.648135	0
0.654	0.981293	0.649121	0
0.655	0.981259	0.650107	0
0.656	0.981225	0.651092	0
0.657	0.981191	0.652078	0
0.658	0.981157	0.653063	0
0.659	0.981124	0.654049	0
0.66	0.98109	0.655034	0
0.661	0.981056	0.656019	0
0.662	0.981022	0.657005	0
0.663	0.980988	0.65799	0
0.664	0.980954	0.658976	0
0.665	0.98092	0.659961	0
0.666	0.980887	0.660946	0
0.667	0.980853	0.661932	0
0.668	0.980819	0.662917	0
0.669	0.980785	0.663902	0
0.67	0.980751	0.664887	0
0.671	0.980717	0.665873	0
0.672	0.980683	0.666858	0
0.673	0.980649	0.667843	0
0.674	0.980615	0.668828	0
0.675	0.980581	0.669814	0
0.676	0.980547	0.670799	0
0.677	0.980513	0.671784	0
0.678	0.980479	0.672769	0
0.679	0.980446	0.673754	0
0.68	0.980412	0.674739	0
0.681	0.980378	0.675724	0
0.682	0.980344	0.676709	0
0.683	0.98031	0.677695	0
0.684	0.980276	0.67868	0
0.685	0.980242	0.679665	0
0.686	0.980207	0.68065	0
0.687	0.980173	0.681635	0
0.688	0.980139	0.68262	0
0.689	0.980105	0.683604	0
0.69	0.980071	0.684589	0
0.691	0.980037	0.685574	0
0.692	0.980003	0.686559	0
0.693	0.979969	0.687544	0
0.694	0.979935	0.688529	0
0.695	0.979901	0.689514	0
0.696	0.979867	0.690499	0
0.697	0.979833	0.691484	0
0.698	0.979799	0.692468	0
0.699	0.979765	0.693453	0
0.7	0.97973	0.694438	0
0.701	0.979696	0.695423	0
0.702	0.979662	0.696407	0
0.703	0.979628	0.697392	0
0.704	0.979594	0.698377	0
0.705	0.97956	0.699362	0
0.706	0.979526	0.700346	0
0.707	0.979491	0.701331	0
0.708	0.979457	0.702316	0
0.709	0.979423	0.7033	0
0.71	0.979389	0.704285	0
0.711	0.979355	0.705269	0
0.712	0.97932	0.706254	0
0.713	0.979286	0.707238	0
0.714	0.979252	0.708223	0
0.715	0.979218	0.709208	0
0.716	0.979184	0.710192	0
0.717	0.979149	0.711177	0
0.718	0.979115	0.712161	0
0.719	0.979081	0.713146	0
0.72	0.979047	0.71413	0
0.721	0.979012	0.715114	0
0.722	0.978978	0.716099	0
0.723	0.978944	0.717083	0
0.724	0.97891	0.718068	0
0.725	0.978875	0.719052	0
0.726	0.978841	0.720036	0
0.727	0.978807	0.721021	0
0.728	0.978772	0.722005	0
0.729	0.978738	0.722989	0
0.73	0.978704	0.723974	0
0.731	0.978669	0.724958	0
0.732	0.978635	0.725942	0
0.733	0.978601	0.726926	0
0.734	0.978566	0.727911	0
0.735	0.978532	0.728895	0
0.736	0.978498	0.729879	0
0.737	0.978463	0.730863	0
0.738	0.978429	0.731847	0
0.739	0.978395	0.732832	0
0.74	0.97836	0.733816	0
0.741	0.978326	0.7348	0
0.742	0.978291	0.735784	0
0.743	0.978257	0.736768	0
0.744	0.978223	0.737752	0
0.745	0.978188	0.738736	0
0.746	0.978154	0.73972	0
0.747	0.978119	0.740704	0
0.748	0.978085	0.741688	0
0.749	0.97805	0.742672	0
0.75	0.978016	0.743656	0
0.751	0.977982	0.74464	0
0.752	0.977947	0.745624	0
0.753	0.977913	0.746608	0
0.754	0.977878	0.747592	0
0.755	0.977844	0.748576	0
0.756	0.977809	0.74956	0
0.757	0.977775	0.750544	0
0.758	0.97774	0.751527	0
0.759	0.977706	0.752511	0
0.76	0.977671	0.753495	0
0.761	0.977637	0.754479	0
0.762	0.977602	0.755463	0
0.763	0.977568	0.756447	0
0.764	0.977533	0.75743	0
0.765	0.977499	0.758414	0
0.766	0.977464	0.759398	0
0.767	0.97743	0.760382	0
0.768	0.977395	0.761365	0
0.769	0.97736	0.762349	0
0.77	0.977326	0.763333	0
0.771	0.977291	0.764316	0
0.772	0.977257	0.7653	0
0.773	0.977222	0.766284	0
0.774	0.977188	0.767267	0
0.775	0.977153	0.768251	0
0.776	0.977118	0.769234	0
0.777	0.977084	0.770218	0
0.778	0.977049	0.771202	0
0.779	0.977015	0.772185	0
0.78	0.97698	0.773169	0
0.781	0.976945	0.774152	0
0.782	0.976911	0.775136	0
0.783	0.976876	0.776119	0
0.784	0.976841	0.777103	0
0.785	0.976807	0.778086	0
0.786	0.976772	0.779069	0
0.787	0.976738	0.780053	0
0.788	0.976703	0.781036	0
0.789	0.976668	0.78202	0
0.79	0.976634	0.783003	0
0.791	0.976599	0.783986	0
0.792	0.976564	0.78497	0
0.793	0.976529	0.785953	0
0.794	0.976495	0.786936	0
0.795	0.97646	0.78792	0
0.796	0.976425	0.788903	0
0.797	0.976391	0.789886	0
0.798	0.976356	0.79087	0
0.799	0.976321	0.791853	0
0.8	0.976287	0.792836	0
0.801	0.976252	0.793819	0
0.802	0.976217	0.794803	0
0.803	0.976182	0.795786	0
0.804	0.976148	0.796769	0
0.805	0.976113	0.797752	0
0.806	0.976078	0.798735	0
0.807	0.976043	0.799718	0
0.808	0.976009	0.800701	0
0.809	0.975974	0.801685	0
0.81	0.975939	0.802668	0
0.811	0.975904	0.803651	0
0.812	0.975869	0.804634	0
0.813	0.975835	0.805617	0
0.814	0.9758	0.8066	0
0.815	0.975765	0.807583	0
0.816	0.97573	0.808566	0
0.817	0.975695	0.809549	0
0.818	0.975661	0.810532	0
0.819	0.975626	0.811515	0
0.82	0.975591	0.812498	0
0.821	0.975556	0.813481	0
0.822	0.975521	0.814464	0
0.823	0.975486	0.815447	0
0.824	0.975452	0.81643	0
0.825	0.975417	0.817412	0
0.826	0.975382	0.818395	0
0.827	0.975347	0.819378	0
0.828	0.975312	0.820361	0
0.829	0.975277	0.821344	0
0.83	0.975242	0.822327	0
0.831	0.975207	0.823309	0
0.832	0.975173	0.824292	0
0.833	0.975138	0.825275	0
0.834	0.975103	0.826258	0
0.835	0.975068	0.827241	0
0.836	0.975033	0.828223	0
0.837	0.974998	0.829206	0
0.838	0.974963	0.830189	0
0.839	0.974928	0.831171	0
0.84	0.974893	0.832154	0
0.841	0.974858	0.833137	0
0.842	0.974823	0.834119	0
0.843	0.974788	0.835102	0
0.844	0.974753	0.836085	0
0.845	0.974718	0.837067	0
0.846	0.974684	0.83805	0
0.847	0.974649	0.839032	0
0.848	0.974614	0.840015	0
0.849	0.974579	0.840998	0
0.85	0.974544	0.84198	0
0.851	0.974509	0.842963	0
0.852	0.974474	0.843945	0
0.853	0.974439	0.844928	0
0.854	0.974404	0.84591	0
0.855	0.974369	0.846893	0
0.856	0.974334	0.847875	0
0.857	0.974299	0.848857	0
0.858	0.974264	0.84984	0
0.859	0.974229	0.850822	0
0.86	0.974194	0.851805	0
0.861	0.974159	0.852787	0
0.862	0.974124	0.85377	0
0.863	0.974088	0.854752	0
0.864	0.974053	0.855734	0
0.865	0.974018	0.856717	0
0.866	0.973983	0.857699	0
0.867	0.973948	0.858681	0
0.868	0.973913	0.859664	0
0.869	0.973878	0.860646	0
0.87	0.973843	0.861628	0
0.871	0.973808	0.86261	0
0.872	0.973773	0.863593	0
0.873	0.973738	0.864575	0
0.874	0.973703	0.865557	0
0.875	0.973668	0.866539	0
0.876	0.973633	0.867521	0
0.877	0.973597	0.868504	0
0.878	0.973562	0.869486	0
0.879	0.973527	0.870468	0
0.88	0.973492	0.87145	0
0.881	0.973457	0.872432	0
0.882	0.973422	0.873414	0
0.883	0.973387	0.874396	0
0.884	0.973352	0.875379	0
0.885	0.973316	0.876361	0
0.886	0.973281	0.877343	0
0.887	0.973246	0.878325	0
0.888	0.973211	0.879307	0
0.889	0.973176	0.880289	0
0.89	0.973141	0.881271	0
0.891	0.973106	0.882253	0
0.892	0.97307	0.883235	0
0.893	0.973035	0.884217	0
0.894	0.973	0.885199	0
0.895	0.972965	0.886181	0
0.896	0.97293	0.887163	0
0.897	0.972894	0.888145	0
0.898	0.972859	0.889127	0
0.899	0.972824	0.890108	0
0.9	0.972789	0.89109	0
0.901	0.972754	0.892072	0
0.902	0.972718	0.893054	0
0.903	0.972683	0.894036	0
0.904	0.972648	0.895018	0
0.905	0.972613	0.896	0
0.906	0.972578	0.896981	0
0.907	0.972542	0.897963	0
0.908	0.972507	0.898945	0
0.909	0.972472	0.899927	0
0.91	0.972437	0.900909	0
0.911	0.972401	0.90189	0
0.912	0.972366	0.902872	0
0.913	0.972331	0.903854	0
0.914	0.972295	0.904835	0
0.915	0.97226	0.905817	0
0.916	0.972225	0.906799	0
0.917	0.97219	0.90778	0
0.918	0.972154	0.908762	0
0.919	0.972119	0.909744	0
0.92	0.972084	0.910725	0
0.921	0.972049	0.911707	0
0.922	0.972013	0.912689	0
0.923	0.971978	0.91367	0
0.924	0.971943	0.914652	0
0.925	0.971907	0.915633	0
0.926	0.971872	0.916615	0
0.927	0.971837	0.917597	0
0.928	0.971801	0.918578	0
0.929	0.971766	0.91956	0
0.93	0.971731	0.920541	0
0.931	0.971695	0.921523	0
0.932	0.97166	0.922504	0
0.933	0.971625	0.923486	0
0.934	0.971589	0.924467	0
0.935	0.971554	0.925449	0
0.936	0.971519	0.92643	0
0.937	0.971483	0.927411	0
0.938	0.971448	0.928393	0
0.939	0.971413	0.929374	0
0.94	0.971377	0.930356	0
0.941	0.971342	0.931337	0
0.942	0.971306	0.932318	0
0.943	0.971271	0.9333	0
0.944	0.971236	0.934281	0
0.945	0.9712	0.935262	0
0.946	0.971165	0.936244	0
0.947	0.971129	0.937225	0
0.948	0.971094	0.938206	0
0.949	0.971059	0.939188	0
0.95	0.971023	0.940169	0
0.951	0.970988	0.94115	0
0.952	0.970952	0.942131	0
0.953	0.970917	0.943113	0
0.954	0.970882	0.944094	0
0.955	0.970846	0.945075	0
0.956	0.970811	0.946056	0
0.957	0.970775	0.947037	0
0.958	0.97074	0.948019	0
0.959	0.970704	0.949	0
0.96	0.970669	0.949981	0
0.961	0.970633	0.950962	0
0.962	0.970598	0.951943	0
0.963	0.970563	0.952924	0
0.964	0.970527	0.953905	0
0.965	0.970492	0.954887	0
0.966	0.970456	0.955868	0
0.967	0.970421	0.956849	0
0.968	0.970385	0.95783	0
0.969	0.97035	0.958811	0
0.97	0.970314	0.959792	0
0.971	0.970279	0.960773	0
0.972	0.970243	0.961754	0
0.973	0.970208	0.962735	0
0.974	0.970172	0.963716	0
0.975	0.970137	0.964697	0
0.976	0.970101	0.965678	0
0.977	0.970066	0.966659	0
0.978	0.97003	0.96764	0
0.979	0.969995	0.968621	0
0.98	0.969959	0.969602	0
0.981	0.969924	0.970582	0
0.982	0.969888	0.971563	0
0.983	0.969852	0.972544	0
0.984	0.969817	0.973525	0
0.985	0.969781	0.974506	0
0.986	0.969746	0.975487	0
0.987	0.96971	0.976468	0
0.988	0.969675	0.977449	0
0.989	0.969639	0.978429	0
0.99	0.969604	0.97941	0
0.991	0.969568	0.980391	0
0.992	0.969532	0.981372	0
0.993	0.969497	0.982353	0
0.994	0.969461	0.983333	0
0.995	0.969426	0.984314	0
0.996	0.96939	0.985295	0
0.997	0.969355	0.986275	0
0.998	0.969319	0.987256	0
0.999	0.969283	0.988237	0
1	0.969248	0.989218	0
